accuracy	f1score	precision	negativepredvalue	recall	specificity
0.875	0.8507	0.9194	0.8469	0.7917	0.9432
0.8812	0.8652	0.9385	0.8421	0.8026	0.9524
0.85	0.8209	0.9167	0.81	0.7432	0.9419
0.8562	0.8456	0.913	0.8132	0.7875	0.925
0.8938	0.8618	0.8983	0.8911	0.8281	0.9375
0.85	0.8481	0.9054	0.8023	0.7976	0.9079
0.8688	0.8727	0.96	0.7882	0.8	0.9571
0.8625	0.8571	0.9296	0.809	0.7952	0.9351
0.85	0.8378	0.9394	0.7872	0.7561	0.9487
0.8375	0.8289	0.9	0.7889	0.7683	0.9103
0.8562	0.8671	0.9375	0.775	0.8065	0.9254
0.8875	0.8767	0.9412	0.8478	0.8205	0.9512
0.8562	0.8553	0.9577	0.7753	0.7727	0.9583
0.8312	0.8138	0.8806	0.7957	0.7564	0.9024
0.8	0.7922	0.8971	0.7283	0.7093	0.9054
0.8688	0.8571	0.913	0.8352	0.8077	0.9268
0.9125	0.8906	0.95	0.89	0.8382	0.9674
0.8312	0.8188	0.8971	0.7826	0.7531	0.9114
0.875	0.878	0.96	0.8	0.809	0.9577
0.9188	0.9078	0.9846	0.8737	0.8421	0.9881
0.8688	0.8552	0.9841	0.7938	0.7561	0.9872
0.8375	0.803	0.9138	0.7941	0.7162	0.9419
0.8812	0.8633	0.9677	0.8265	0.7792	0.9759
0.8812	0.8758	0.9306	0.8409	0.8272	0.9367
0.8688	0.8662	0.9714	0.7889	0.7816	0.9726
0.8688	0.8591	0.8767	0.8621	0.8421	0.8929
0.8688	0.8591	0.9014	0.8427	0.8205	0.9146
0.8375	0.8289	0.9265	0.7717	0.75	0.9342
0.8312	0.7907	0.8644	0.8119	0.7286	0.9111
0.8312	0.828	0.942	0.7473	0.7386	0.9444
0.8438	0.8387	0.942	0.7692	0.7558	0.9459
0.8438	0.8366	0.9275	0.7802	0.7619	0.9342
0.8562	0.8553	0.9714	0.7667	0.764	0.9718
0.8938	0.8844	0.9701	0.8387	0.8125	0.975
0.8562	0.8456	0.8873	0.8315	0.8077	0.9024
0.8625	0.8493	0.8986	0.8352	0.8052	0.9157
0.85	0.8421	0.9552	0.7742	0.7529	0.96
0.8562	0.8589	0.9333	0.7882	0.7955	0.9306
0.8812	0.8652	0.9385	0.8421	0.8026	0.9524
0.8875	0.8941	0.9383	0.8354	0.8539	0.9296
0.8625	0.8553	0.8904	0.8391	0.8228	0.9012
0.8938	0.8547	0.9259	0.8774	0.7937	0.9588
0.8375	0.8143	0.9344	0.7778	0.7215	0.9506
0.8438	0.8252	0.8939	0.8085	0.7662	0.9157
0.8875	0.8875	0.9342	0.8452	0.8452	0.9342
0.8188	0.7883	0.8852	0.7778	0.7105	0.9167
0.8312	0.8439	0.9125	0.75	0.7849	0.8955
0.8688	0.8712	0.9595	0.7907	0.7978	0.9577
0.875	0.8649	0.9697	0.8085	0.7805	0.9744
0.8688	0.8421	0.9333	0.83	0.7671	0.954
0.8438	0.8485	0.8974	0.7927	0.8046	0.8904
0.8188	0.7883	0.8852	0.7778	0.7105	0.9167
0.8688	0.8571	0.9844	0.7917	0.759	0.987
0.8	0.7681	0.8413	0.7732	0.7067	0.8824
0.8812	0.8707	0.9275	0.8462	0.8205	0.939
0.875	0.8611	0.9688	0.8125	0.775	0.975
0.9	0.8873	0.9	0.9	0.875	0.9205
0.925	0.9155	0.9559	0.9022	0.8784	0.9651
0.8375	0.8116	0.9655	0.7647	0.7	0.975
0.875	0.8718	0.9444	0.8182	0.8095	0.9474
0.85	0.8261	0.9194	0.8061	0.75	0.9405
0.8562	0.8571	0.9452	0.7816	0.7841	0.9444
0.9188	0.8976	0.95	0.9	0.8507	0.9677
0.85	0.8462	0.9167	0.7955	0.7857	0.9211
0.875	0.8529	0.9508	0.8283	0.7733	0.9647
0.8562	0.8244	0.871	0.8469	0.7826	0.9121
0.8375	0.8289	0.9403	0.7634	0.7412	0.9467
0.8562	0.8497	0.9155	0.809	0.7927	0.9231
0.85	0.8095	0.8793	0.8333	0.75	0.9239
0.8438	0.8485	0.9091	0.7831	0.7955	0.9028
0.8438	0.8466	0.8734	0.8148	0.8214	0.8684
0.8312	0.8258	0.9143	0.7667	0.7529	0.92
0.8688	0.8293	0.8793	0.8627	0.7846	0.9263
0.8438	0.8299	0.8592	0.8315	0.8026	0.881
0.8688	0.8467	0.9206	0.8351	0.7838	0.9419
0.8188	0.8054	0.8696	0.7802	0.75	0.8875
0.875	0.878	0.973	0.7907	0.8	0.9714
0.85	0.8286	0.9062	0.8125	0.7632	0.9286
0.8125	0.7692	0.9259	0.7547	0.6579	0.9524
0.8688	0.8627	0.9706	0.7935	0.7765	0.9733
0.8562	0.8414	0.9242	0.8085	0.7722	0.9383
0.8875	0.88	0.9429	0.8444	0.825	0.95
0.8625	0.8514	0.9403	0.8065	0.7778	0.9494
0.8625	0.8571	0.9565	0.7912	0.7765	0.96
0.9062	0.8993	0.9306	0.8864	0.8701	0.9398
0.8438	0.8276	0.9375	0.7812	0.7407	0.9494
0.8562	0.8369	0.9077	0.8211	0.7763	0.9286
0.8562	0.8435	0.9394	0.7979	0.7654	0.9494
0.8438	0.8485	0.9211	0.7738	0.7865	0.9155
0.8125	0.8052	0.9254	0.7312	0.7126	0.9315
0.8812	0.8593	0.9355	0.8469	0.7945	0.954
0.8875	0.88	0.9429	0.8444	0.825	0.95
0.85	0.8033	0.9074	0.8208	0.7206	0.9457
0.825	0.8158	0.9254	0.7527	0.7294	0.9333
0.9	0.8889	0.9697	0.8511	0.8205	0.9756
0.9125	0.9125	0.9481	0.8795	0.8795	0.9481
0.875	0.878	0.96	0.8	0.809	0.9577
0.8625	0.8493	0.9118	0.8261	0.7949	0.9268
0.8188	0.8054	0.9091	0.7553	0.7229	0.9221
0.8312	0.8058	0.9655	0.7549	0.6914	0.9747
0.8375	0.8243	0.9385	0.7684	0.7349	0.9481
0.8625	0.8472	0.9683	0.7938	0.7531	0.9747
0.8625	0.8533	0.9143	0.8222	0.8	0.925
0.8812	0.8504	0.9474	0.8447	0.7714	0.9667
0.8562	0.8497	0.9155	0.809	0.7927	0.9231
0.8875	0.8767	0.9552	0.8387	0.8101	0.963
0.8188	0.8199	0.88	0.7647	0.7674	0.8784
0.825	0.8372	0.8889	0.7595	0.7912	0.8696
0.85	0.85	0.8947	0.8095	0.8095	0.8947
0.8562	0.8392	0.9677	0.7857	0.7407	0.9747
0.9125	0.9125	0.9605	0.869	0.869	0.9605
0.8562	0.8271	0.9483	0.8039	0.7333	0.9647
0.85	0.8378	0.9118	0.8043	0.775	0.925
0.8812	0.8834	0.9474	0.8214	0.8276	0.9452
0.8375	0.8169	0.8923	0.8	0.7532	0.9157
0.8938	0.8874	0.9306	0.8636	0.8481	0.9383
0.8312	0.8085	0.8906	0.7917	0.7403	0.9157
0.85	0.831	0.9219	0.8021	0.7564	0.939
0.9	0.8919	0.9296	0.8764	0.8571	0.9398
0.825	0.8	0.8615	0.8	0.7467	0.8941
0.8375	0.8415	0.8961	0.7831	0.7931	0.8904
0.8438	0.8062	0.8814	0.8218	0.7429	0.9222
0.8562	0.8414	0.9242	0.8085	0.7722	0.9383
0.825	0.8028	0.8636	0.7979	0.75	0.8929
0.8875	0.8816	0.9437	0.8427	0.8272	0.9494
0.8562	0.8244	0.9	0.83	0.7606	0.9326
0.875	0.878	0.9863	0.7816	0.7912	0.9855
0.8	0.7922	0.8714	0.7444	0.7262	0.8816
0.8438	0.8344	0.875	0.8182	0.7975	0.8889
0.825	0.8028	0.8906	0.7812	0.7308	0.9146
0.8688	0.8467	0.9508	0.8182	0.7632	0.9643
0.8812	0.8805	0.9211	0.8452	0.8434	0.9221
0.8562	0.8345	0.9062	0.8229	0.7733	0.9294
0.8125	0.8026	0.9104	0.7419	0.7176	0.92
0.875	0.8592	0.9531	0.8229	0.7821	0.9634
0.8375	0.8289	0.863	0.8161	0.7975	0.8765
0.8688	0.8372	0.8852	0.8586	0.7941	0.9239
0.9	0.8873	0.9403	0.871	0.84	0.9529
0.875	0.8462	0.8871	0.8673	0.8088	0.9239
0.9125	0.9028	0.9559	0.8804	0.8553	0.9643
0.8562	0.8497	0.9155	0.809	0.7927	0.9231
0.875	0.8718	0.9444	0.8182	0.8095	0.9474
0.875	0.8551	0.9077	0.8526	0.8082	0.931
0.8625	0.8382	0.9661	0.802	0.7403	0.9759
0.8562	0.8606	0.9595	0.7674	0.7802	0.9565
0.825	0.791	0.8548	0.8061	0.7361	0.8977
0.8875	0.8767	0.9552	0.8387	0.8101	0.963
0.8562	0.8516	0.9167	0.8068	0.7952	0.9221
0.8125	0.8171	0.9178	0.7241	0.7363	0.913
0.8375	0.803	0.9138	0.7941	0.7162	0.9419
0.8688	0.8421	0.8889	0.8557	0.8	0.9222
0.9	0.8987	0.9342	0.869	0.8659	0.9359
0.8562	0.8345	0.8923	0.8316	0.7838	0.9186
0.8875	0.88	0.9429	0.8444	0.825	0.95
0.8625	0.8791	0.9412	0.7733	0.8247	0.9206
0.8688	0.8814	0.9398	0.7922	0.8298	0.9242
0.8688	0.8627	0.9706	0.7935	0.7765	0.9733
0.8688	0.8552	0.8986	0.8462	0.8158	0.9167
0.8688	0.8511	0.8955	0.8495	0.8108	0.9186
0.8938	0.8982	0.974	0.8193	0.8333	0.9714
