0.725	
0.6812
0.6312
0.6812
0.6625
0.6875
0.6688
0.6312
0.6875
0.725	
0.6938
0.675	
0.675	
0.725	
0.675	
0.65
0.6062
0.6188
0.6812
0.7375
0.7688
0.6938
0.6125
0.7
0.7125
0.6625
0.65
0.6812
0.6375
0.7188
0.6625
0.675	
0.6125
0.7312
0.7438
0.6812
0.7
0.6875
0.6188
0.7062
0.6875
0.6562
0.7
0.6812
0.7
0.6812
0.6688
0.675	
0.6438
0.675	
0.6875
0.65
0.6188
0.6375
0.7312
0.7125
0.6562
0.6812
0.6938
0.675	
0.6625
0.6625
0.6562
0.6812
0.6688
0.6875
0.7062
0.6375
0.7438
0.7062
0.6625
0.7062
0.6688
0.6625
0.775	
0.7375
0.65
0.6938
0.675	
0.7
0.75
0.7062
0.6812
0.6812
0.6812
0.6188
0.775	
0.65
0.6312
0.6688
0.675	
0.6688
0.7125
0.6438
0.7062
0.625	
0.6375
0.6562
0.75
0.6688
0.7
0.6812
0.6812
0.7688
0.6688
0.6688
0.725	
0.7062
0.6562
0.6562
0.7188
0.7125
0.65
0.6688
0.675	
0.7188
0.65
0.675	
0.7125
0.7
0.6312
0.6688
0.6125
0.7312
0.65
0.7
0.6875
0.7438
0.6625
0.6562
0.65
0.65
0.6125
0.6875
0.7188
0.7188
0.7562
0.6875
0.6812
0.7188
0.7188
0.7312
0.7125
0.6875
0.7375
0.6188
0.725	
0.725	
0.7125
0.6438
0.6812
0.7062
0.6875
0.6625
0.6688
0.7062
0.75
0.6562
0.725	
0.575	